# shimmer to m/s^2 conversion : ((datas-self.offset)/self.gain)*9.81
offset_x = 1950.0487528344672
offset_y = 2162.945701357466
offset_z = 1732.6012216404886
gain_x = 959.926170949517
gain_y = 954.273231860138
gain_z = 974.3460010593221