# shimmer to m/s^2 conversion : ((datas-self.offset)/self.gain)*9.81
offset_x = 2005.151194
offset_y = 2117.581560
offset_z = 2030.678771
gain_x = 966.241124
gain_y = 989.201795
gain_z = 945.545886
