# shimmer to m/s^2 conversion : ((datas-self.offset)/self.gain)*9.81
offset_x = 1950.048753
offset_y = 2162.945701
offset_z = 1732.601222
gain_x = 959.926171
gain_y = 954.273232
gain_z = 974.346001
