# shimmer to m/s^2 conversion : ((datas-self.offset)/self.gain)*9.81
offset_x = 1923.697773
offset_y = 2030.121512
offset_z = 1720.084615
gain_x = 970.678253
gain_y = 961.572237
gain_z = 977.949930
