# shimmer to m/s^2 conversion : ((datas-self.offset)/self.gain)*9.81
offset_x = 1949.257373
offset_y = 2137.828425
offset_z = 1773.310454
gain_x = 980.288827
gain_y = 979.389168
gain_z = 975.847549
