# shimmer to m/s^2 conversion : ((datas-self.offset)/self.gain)*9.81
offset_x = 1918.313672922252
offset_y = 2215.846153846154
offset_z = 1729.637420718816
gain_x = 945.1900101868707
gain_y = 981.517464678179
gain_z = 979.3776960784312