# shimmer to m/s^2 conversion : ((datas-self.offset)/self.gain)*9.81
offset_x = 1967.387255
offset_y = 2101.559278
offset_z = 1712.809091
gain_x = 951.295767
gain_y = 957.737850
gain_z = 967.537234
