# shimmer to m/s^2 conversion : ((datas-self.offset)/self.gain)*9.81
offset_x = 1923.6977730646872
offset_y = 2030.121512151215
offset_z = 1720.0846153846153
gain_x = 970.6782531194297
gain_y = 961.5722365245375
gain_z = 977.9499299719888