# shimmer to m/s^2 conversion : ((datas-self.offset)/self.gain)*9.81
offset_x = 1947.937262
offset_y = 2128.525896
offset_z = 1693.406667
gain_x = 983.299839
gain_y = 1002.973230
gain_z = 966.794031
