# shimmer to m/s^2 conversion : ((datas-self.offset)/self.gain)*9.81
offset_x = 1885.4112903225807
offset_y = 2158.325611325611
offset_z = 1884.474074074074
gain_x = 966.2506289413659
gain_y = 975.3149136577707
gain_z = 970.4339285714286