# shimmer to m/s^2 conversion : ((datas-self.offset)/self.gain)*9.81
offset_x = 1885.411290
offset_y = 2158.325611
offset_z = 1884.474074
gain_x = 966.250629
gain_y = 975.314914
gain_z = 970.433929
