# shimmer to m/s^2 conversion : ((datas-self.offset)/self.gain)*9.81
offset_x = 2018.622490
offset_y = 2068.412821
offset_z = 1994.451954
gain_x = 963.212647
gain_y = 985.387540
gain_z = 947.553059
