# shimmer to m/s^2 conversion : ((datas-self.offset)/self.gain)*9.81
offset_x = 1918.313673
offset_y = 2215.846154
offset_z = 1729.637421
gain_x = 945.190010
gain_y = 981.517465
gain_z = 979.377696
