# shimmer to m/s^2 conversion : ((datas-self.offset)/self.gain)*9.81
offset_x = 1957.809735
offset_y = 2096.675497
offset_z = 1673.105751
gain_x = 947.321628
gain_y = 953.957973
gain_z = 960.149880
