# gyro to rad/s conversion : (datas - self.offset) / self.gain
offset_x = 1843.0
offset_y = 1843.0
offset_z = 1843.0
gain_x = 156.41747807071474
gain_y = 156.41747807071474
gain_z = 156.41747807071474