# shimmer to m/s^2 conversion : ((datas-self.offset)/self.gain)*9.81
offset_x = 1921.195041
offset_y = 2146.023091
offset_z = 1887.978632
gain_x = 949.877010
gain_y = 985.925464
gain_z = 947.224903
