# shimmer to m/s^2 conversion : ((datas-self.offset)/self.gain)*9.81
offset_x = 1910.786577
offset_y = 2015.848912
offset_z = 1925.750529
gain_x = 976.634674
gain_y = 969.290385
gain_z = 961.333659
